           bio_1 bio_2 bio_3 bio_4 bio_5 bio_6 bio_7 bio_8 bio_9 bio_10 bio_11 bio_12 bio_13 bio_14 bio_15 bio_16 bio_17
bio_1       1.00  0.14 -0.01  0.10  0.51  0.62  0.11  0.77  0.74   0.77   0.77  -0.51  -0.43  -0.67   0.49  -0.46  -0.64
bio_2       0.14  1.00 -0.51  0.81  0.85 -0.61  0.92 -0.40  0.64   0.62  -0.40   0.07   0.04   0.08  -0.13   0.07   0.15
bio_3      -0.01 -0.51  1.00 -0.88 -0.68  0.61 -0.79  0.53 -0.60  -0.57   0.56  -0.05   0.07  -0.23   0.57   0.02  -0.34
bio_4       0.10  0.81 -0.88  1.00  0.88 -0.69  0.97 -0.53  0.74   0.71  -0.56   0.07  -0.04   0.21  -0.43   0.02   0.31
bio_5       0.51  0.85 -0.68  0.88  1.00 -0.33  0.91 -0.12  0.94   0.92  -0.13  -0.11  -0.14  -0.14  -0.08  -0.12  -0.03
bio_6       0.62 -0.61  0.61 -0.69 -0.33  1.00 -0.70  0.95 -0.05   0.00   0.96  -0.37  -0.24  -0.63   0.63  -0.30  -0.67
bio_7       0.11  0.92 -0.79  0.97  0.91 -0.70  1.00 -0.51  0.73   0.70  -0.53   0.08   0.00   0.18  -0.34   0.04   0.27
bio_8       0.77 -0.40  0.53 -0.53 -0.12  0.95 -0.51  1.00  0.16   0.21   0.99  -0.45  -0.33  -0.67   0.66  -0.38  -0.71
bio_9       0.74  0.64 -0.60  0.74  0.94 -0.05  0.73  0.16  1.00   0.99   0.14  -0.27  -0.29  -0.31   0.06  -0.27  -0.23
bio_10      0.77  0.62 -0.57  0.71  0.92  0.00  0.70  0.21  0.99   1.00   0.19  -0.31  -0.33  -0.34   0.07  -0.32  -0.25
bio_11      0.77 -0.40  0.56 -0.56 -0.13  0.96 -0.53  0.99  0.14   0.19   1.00  -0.47  -0.34  -0.70   0.69  -0.39  -0.74
bio_12     -0.51  0.07 -0.05  0.07 -0.11 -0.37  0.08 -0.45 -0.27  -0.31  -0.47   1.00   0.97   0.54  -0.24   0.99   0.65
bio_13     -0.43  0.04  0.07 -0.04 -0.14 -0.24  0.00 -0.33 -0.29  -0.33  -0.34   0.97   1.00   0.39  -0.03   0.99   0.49
bio_14     -0.67  0.08 -0.23  0.21 -0.14 -0.63  0.18 -0.67 -0.31  -0.34  -0.70   0.54   0.39   1.00  -0.68   0.46   0.92
bio_15      0.49 -0.13  0.57 -0.43 -0.08  0.63 -0.34  0.66  0.06   0.07   0.69  -0.24  -0.03  -0.68   1.00  -0.12  -0.76
bio_16     -0.46  0.07  0.02  0.02 -0.12 -0.30  0.04 -0.38 -0.27  -0.32  -0.39   0.99   0.99   0.46  -0.12   1.00   0.57
bio_17     -0.64  0.15 -0.34  0.31 -0.03 -0.67  0.27 -0.71 -0.23  -0.25  -0.74   0.65   0.49   0.92  -0.76   0.57   1.00
bio_18     -0.69  0.09 -0.17  0.16 -0.15 -0.59  0.14 -0.63 -0.36  -0.37  -0.66   0.71   0.57   0.86  -0.63   0.65   0.92
           bio_18 bio_19 Built2009 crop2005 Lights2009 NavWat2009 Pastur2009 Popden2009 Railways Roads HFP2009 HFP2009_in
bio_1       -0.69  -0.45      0.29     0.07       0.32      -0.10       0.11       0.36     0.00  0.11    0.33       0.32
bio_2        0.09   0.07     -0.32     0.05      -0.34      -0.23       0.08      -0.36     0.03 -0.02   -0.32      -0.32
bio_3       -0.17   0.03      0.18    -0.05       0.20       0.11       0.04       0.29    -0.01  0.02    0.21       0.21
bio_4        0.16   0.01     -0.30     0.06      -0.32      -0.20       0.00      -0.41     0.01 -0.01   -0.32      -0.32
bio_5       -0.15  -0.12     -0.17     0.08      -0.18      -0.23       0.08      -0.21     0.02  0.03   -0.17      -0.16
bio_6       -0.59  -0.28      0.44     0.01       0.48       0.11       0.06       0.56    -0.02  0.08    0.48       0.47
bio_7        0.14   0.04     -0.33     0.05      -0.35      -0.22       0.03      -0.41     0.02 -0.01   -0.34      -0.33
bio_8       -0.63  -0.37      0.40     0.03       0.43       0.04       0.06       0.52    -0.02  0.06    0.43       0.43
bio_9       -0.36  -0.27     -0.02     0.08      -0.01      -0.20       0.08      -0.03     0.00  0.07    0.00       0.00
bio_10      -0.37  -0.31      0.01     0.08       0.01      -0.20       0.07      -0.01     0.00  0.06    0.02       0.02
bio_11      -0.66  -0.38      0.43     0.02       0.46       0.04       0.08       0.56    -0.01  0.08    0.47       0.46
bio_12       0.71   0.99     -0.38    -0.09      -0.39       0.04      -0.08      -0.37     0.05 -0.14   -0.39      -0.38
bio_13       0.57   0.99     -0.34    -0.10      -0.33       0.04      -0.07      -0.28     0.06 -0.14   -0.33      -0.33
bio_14       0.86   0.43     -0.29    -0.06      -0.34       0.09      -0.11      -0.40     0.00 -0.12   -0.35      -0.34
bio_15      -0.63  -0.09      0.31    -0.01       0.36      -0.11       0.05       0.47    -0.02  0.04    0.35       0.34
bio_16       0.65   1.00     -0.36    -0.10      -0.36       0.04      -0.08      -0.33     0.05 -0.14   -0.36      -0.36
bio_17       0.92   0.53     -0.32    -0.07      -0.37       0.09      -0.08      -0.46     0.04 -0.11   -0.38      -0.37
bio_18       1.00   0.62     -0.31    -0.09      -0.37       0.09      -0.08      -0.45     0.04 -0.17   -0.39      -0.38
           amph_rich lakepond swampmarsh IceMass Playa streamperr streaminte coastline artificial pipeline canalditch
bio_1          -0.08    -0.15      -0.32    0.31 -0.16       0.31      -0.43     -0.04      -0.12    -0.31      -0.31
bio_2           0.07    -0.01       0.28   -0.30 -0.63       0.01      -0.05      0.53       0.08     0.12      -0.04
bio_3           0.25     0.01       0.07    0.59  0.73      -0.04      -0.06     -0.82       0.00     0.26       0.22
bio_4          -0.18     0.01       0.07   -0.59 -0.80       0.01       0.02      0.86       0.05    -0.14      -0.14
bio_5          -0.08    -0.06       0.02   -0.31 -0.72       0.13      -0.18      0.63       0.00    -0.14      -0.21
bio_6           0.05    -0.11      -0.33    0.62  0.52       0.19      -0.30     -0.66      -0.14    -0.14      -0.11
bio_7          -0.09     0.00       0.16   -0.51 -0.78       0.01       0.00      0.77       0.06    -0.04      -0.11
bio_8           0.07    -0.11      -0.28    0.64  0.34       0.25      -0.37     -0.55      -0.11    -0.16      -0.14
bio_9          -0.16    -0.09      -0.15   -0.21 -0.63       0.21      -0.27      0.55      -0.05    -0.29      -0.30
bio_10         -0.16    -0.09      -0.18   -0.14 -0.64       0.23      -0.29      0.51      -0.04    -0.31      -0.30
bio_11          0.06    -0.13      -0.31    0.66  0.37       0.25      -0.37     -0.59      -0.13    -0.16      -0.16
bio_12          0.33     0.12       0.54   -0.35  0.05      -0.36       0.29      0.11       0.03     0.45       0.41
bio_13          0.37     0.06       0.52   -0.21  0.19      -0.35       0.24     -0.02      -0.02     0.51       0.37
bio_14          0.08     0.16       0.28   -0.45 -0.22      -0.23       0.43      0.30       0.08     0.14       0.28
bio_15          0.16    -0.24      -0.14    0.56  0.48       0.16      -0.31     -0.57      -0.17     0.12      -0.14
bio_16          0.37     0.10       0.55   -0.27  0.12      -0.35       0.26      0.03       0.01     0.49       0.42
bio_17          0.10     0.20       0.32   -0.49 -0.32      -0.27       0.41      0.39       0.10     0.13       0.29
bio_18          0.25     0.25       0.45   -0.38 -0.17      -0.25       0.38      0.21       0.14     0.28       0.44
           connector elev_m ai_yr pet_yr aet_yr crops_2 built_2 pasture_2 popdens_2 navwater_2 lights_2 hfp_2 rail_2
bio_1          -0.02  -0.56 -0.65   0.67  -0.38    0.05    0.29      0.11      0.36      -0.08     0.32  0.32   0.01
bio_2           0.10   0.39 -0.19   0.82   0.12    0.02   -0.32      0.06     -0.36      -0.23    -0.34 -0.32   0.03
bio_3          -0.12  -0.59  0.10  -0.45  -0.04   -0.02    0.19      0.03      0.29       0.15     0.20  0.21  -0.01
bio_4           0.14   0.58 -0.15   0.70   0.12    0.02   -0.31     -0.01     -0.40      -0.22    -0.33 -0.32   0.01
bio_5           0.11   0.21 -0.39   0.94  -0.02    0.04   -0.18      0.07     -0.21      -0.23    -0.18 -0.17   0.01
bio_6          -0.12  -0.84 -0.30  -0.12  -0.32    0.03    0.44      0.07      0.56       0.12     0.48  0.47  -0.01
bio_7           0.13   0.54 -0.17   0.77   0.13    0.02   -0.33      0.02     -0.41      -0.23    -0.35 -0.34   0.02
bio_8          -0.11  -0.78 -0.43   0.13  -0.41    0.02    0.40      0.07      0.52       0.07     0.43  0.43  -0.02
bio_9           0.09   0.01 -0.52   0.91  -0.15    0.05   -0.02      0.07     -0.03      -0.20    -0.01 -0.01   0.01
bio_10          0.07   0.00 -0.56   0.92  -0.20    0.05    0.01      0.06      0.00      -0.20     0.01  0.01   0.00
bio_11         -0.11  -0.81 -0.45   0.12  -0.40    0.03    0.43      0.08      0.56       0.07     0.47  0.46  -0.01
bio_12         -0.01   0.16  0.93  -0.27   0.84   -0.08   -0.37     -0.08     -0.37       0.02    -0.39 -0.38   0.05
bio_13         -0.03   0.02  0.88  -0.27   0.84   -0.07   -0.33     -0.07     -0.28       0.02    -0.34 -0.32   0.05
bio_14          0.03   0.56  0.62  -0.32   0.38   -0.05   -0.29     -0.10     -0.41       0.07    -0.34 -0.34  -0.01
bio_15         -0.12  -0.55 -0.26   0.15  -0.11    0.02    0.31      0.04      0.47      -0.08     0.36  0.35  -0.01
bio_16         -0.03   0.09  0.91  -0.26   0.83   -0.08   -0.35     -0.07     -0.33       0.02    -0.37 -0.36   0.05
bio_17          0.01   0.55  0.68  -0.25   0.47   -0.06   -0.32     -0.08     -0.46       0.06    -0.37 -0.37   0.03
bio_18         -0.03   0.52  0.76  -0.33   0.47   -0.07   -0.31     -0.08     -0.45       0.06    -0.38 -0.38   0.03
           roads_2
bio_1         0.09
bio_2        -0.02
bio_3         0.02
bio_4        -0.01
bio_5         0.02
bio_6         0.06
bio_7        -0.01
bio_8         0.05
bio_9         0.06
bio_10        0.05
bio_11        0.07
bio_12       -0.12
bio_13       -0.12
bio_14       -0.10
bio_15        0.03
bio_16       -0.12
bio_17       -0.09
bio_18       -0.15
 [ reached getOption("max.print") -- omitted 36 rows ]

n= 1894 


P
           bio_1  bio_2  bio_3  bio_4  bio_5  bio_6  bio_7  bio_8  bio_9  bio_10 bio_11 bio_12 bio_13 bio_14 bio_15 bio_16
bio_1             0.0000 0.6010 0.0000 0.0000 0.0000 0.0000 0.0000 0.0000 0.0000 0.0000 0.0000 0.0000 0.0000 0.0000 0.0000
bio_2      0.0000        0.0000 0.0000 0.0000 0.0000 0.0000 0.0000 0.0000 0.0000 0.0000 0.0015 0.0972 0.0004 0.0000 0.0035
bio_3      0.6010 0.0000        0.0000 0.0000 0.0000 0.0000 0.0000 0.0000 0.0000 0.0000 0.0250 0.0021 0.0000 0.0000 0.4669
bio_4      0.0000 0.0000 0.0000        0.0000 0.0000 0.0000 0.0000 0.0000 0.0000 0.0000 0.0017 0.1260 0.0000 0.0000 0.4649
bio_5      0.0000 0.0000 0.0000 0.0000        0.0000 0.0000 0.0000 0.0000 0.0000 0.0000 0.0000 0.0000 0.0000 0.0007 0.0000
bio_6      0.0000 0.0000 0.0000 0.0000 0.0000        0.0000 0.0000 0.0443 0.9590 0.0000 0.0000 0.0000 0.0000 0.0000 0.0000
bio_7      0.0000 0.0000 0.0000 0.0000 0.0000 0.0000        0.0000 0.0000 0.0000 0.0000 0.0003 0.9288 0.0000 0.0000 0.0563
bio_8      0.0000 0.0000 0.0000 0.0000 0.0000 0.0000 0.0000        0.0000 0.0000 0.0000 0.0000 0.0000 0.0000 0.0000 0.0000
bio_9      0.0000 0.0000 0.0000 0.0000 0.0000 0.0443 0.0000 0.0000        0.0000 0.0000 0.0000 0.0000 0.0000 0.0163 0.0000
bio_10     0.0000 0.0000 0.0000 0.0000 0.0000 0.9590 0.0000 0.0000 0.0000        0.0000 0.0000 0.0000 0.0000 0.0018 0.0000
bio_11     0.0000 0.0000 0.0000 0.0000 0.0000 0.0000 0.0000 0.0000 0.0000 0.0000        0.0000 0.0000 0.0000 0.0000 0.0000
bio_12     0.0000 0.0015 0.0250 0.0017 0.0000 0.0000 0.0003 0.0000 0.0000 0.0000 0.0000        0.0000 0.0000 0.0000 0.0000
bio_13     0.0000 0.0972 0.0021 0.1260 0.0000 0.0000 0.9288 0.0000 0.0000 0.0000 0.0000 0.0000        0.0000 0.1754 0.0000
bio_14     0.0000 0.0004 0.0000 0.0000 0.0000 0.0000 0.0000 0.0000 0.0000 0.0000 0.0000 0.0000 0.0000        0.0000 0.0000
bio_15     0.0000 0.0000 0.0000 0.0000 0.0007 0.0000 0.0000 0.0000 0.0163 0.0018 0.0000 0.0000 0.1754 0.0000        0.0000
bio_16     0.0000 0.0035 0.4669 0.4649 0.0000 0.0000 0.0563 0.0000 0.0000 0.0000 0.0000 0.0000 0.0000 0.0000 0.0000       
bio_17     0.0000 0.0000 0.0000 0.0000 0.1490 0.0000 0.0000 0.0000 0.0000 0.0000 0.0000 0.0000 0.0000 0.0000 0.0000 0.0000
bio_18     0.0000 0.0001 0.0000 0.0000 0.0000 0.0000 0.0000 0.0000 0.0000 0.0000 0.0000 0.0000 0.0000 0.0000 0.0000 0.0000
           bio_17 bio_18 bio_19 Built2009 crop2005 Lights2009 NavWat2009 Pastur2009 Popden2009 Railways Roads  HFP2009
bio_1      0.0000 0.0000 0.0000 0.0000    0.0039   0.0000     0.0000     0.0000     0.0000     0.9396   0.0000 0.0000 
bio_2      0.0000 0.0001 0.0044 0.0000    0.0481   0.0000     0.0000     0.0006     0.0000     0.2401   0.4356 0.0000 
bio_3      0.0000 0.0000 0.2474 0.0000    0.0339   0.0000     0.0000     0.1225     0.0000     0.6853   0.4135 0.0000 
bio_4      0.0000 0.0000 0.6577 0.0000    0.0151   0.0000     0.0000     0.9073     0.0000     0.7186   0.7148 0.0000 
bio_5      0.1490 0.0000 0.0000 0.0000    0.0009   0.0000     0.0000     0.0005     0.0000     0.4987   0.2454 0.0000 
bio_6      0.0000 0.0000 0.0000 0.0000    0.6714   0.0000     0.0000     0.0069     0.0000     0.4993   0.0006 0.0000 
bio_7      0.0000 0.0000 0.0939 0.0000    0.0195   0.0000     0.0000     0.1487     0.0000     0.4152   0.5207 0.0000 
bio_8      0.0000 0.0000 0.0000 0.0000    0.2122   0.0000     0.0778     0.0062     0.0000     0.3039   0.0097 0.0000 
bio_9      0.0000 0.0000 0.0000 0.4663    0.0003   0.5563     0.0000     0.0010     0.1321     0.8362   0.0014 0.9864 
bio_10     0.0000 0.0000 0.0000 0.6877    0.0004   0.5406     0.0000     0.0022     0.7624     0.9586   0.0067 0.3654 
bio_11     0.0000 0.0000 0.0000 0.0000    0.4513   0.0000     0.0551     0.0008     0.0000     0.5409   0.0002 0.0000 
bio_12     0.0000 0.0000 0.0000 0.0000    0.0000   0.0000     0.0510     0.0003     0.0000     0.0230   0.0000 0.0000 
bio_13     0.0000 0.0000 0.0000 0.0000    0.0000   0.0000     0.1175     0.0031     0.0000     0.0154   0.0000 0.0000 
bio_14     0.0000 0.0000 0.0000 0.0000    0.0064   0.0000     0.0002     0.0000     0.0000     0.8710   0.0000 0.0000 
bio_15     0.0000 0.0000 0.0000 0.0000    0.5882   0.0000     0.0000     0.0463     0.0000     0.4444   0.0875 0.0000 
bio_16     0.0000 0.0000 0.0000 0.0000    0.0000   0.0000     0.0646     0.0008     0.0000     0.0180   0.0000 0.0000 
bio_17            0.0000 0.0000 0.0000    0.0028   0.0000     0.0000     0.0002     0.0000     0.0714   0.0000 0.0000 
bio_18     0.0000        0.0000 0.0000    0.0001   0.0000     0.0000     0.0003     0.0000     0.0926   0.0000 0.0000 
           HFP2009_in amph_rich lakepond swampmarsh IceMass Playa  streamperr streaminte coastline artificial pipeline
bio_1      0.0000     0.0008    0.0000   0.0000     0.0000  0.0000 0.0000     0.0000     0.0895    0.0000     0.0000  
bio_2      0.0000     0.0014    0.6605   0.0000     0.0000  0.0000 0.6050     0.0171     0.0000    0.0009     0.0000  
bio_3      0.0000     0.0000    0.7692   0.0015     0.0000  0.0000 0.1164     0.0065     0.0000    0.8859     0.0000  
bio_4      0.0000     0.0000    0.6196   0.0027     0.0000  0.0000 0.5882     0.3510     0.0000    0.0242     0.0000  
bio_5      0.0000     0.0002    0.0089   0.3306     0.0000  0.0000 0.0000     0.0000     0.0000    0.9673     0.0000  
bio_6      0.0000     0.0192    0.0000   0.0000     0.0000  0.0000 0.0000     0.0000     0.0000    0.0000     0.0000  
bio_7      0.0000     0.0001    0.8313   0.0000     0.0000  0.0000 0.6653     0.9602     0.0000    0.0084     0.0655  
bio_8      0.0000     0.0012    0.0000   0.0000     0.0000  0.0000 0.0000     0.0000     0.0000    0.0000     0.0000  
bio_9      0.9972     0.0000    0.0000   0.0000     0.0000  0.0000 0.0000     0.0000     0.0000    0.0450     0.0000  
bio_10     0.3593     0.0000    0.0000   0.0000     0.0000  0.0000 0.0000     0.0000     0.0000    0.0596     0.0000  
bio_11     0.0000     0.0090    0.0000   0.0000     0.0000  0.0000 0.0000     0.0000     0.0000    0.0000     0.0000  
bio_12     0.0000     0.0000    0.0000   0.0000     0.0000  0.0224 0.0000     0.0000     0.0000    0.2361     0.0000  
bio_13     0.0000     0.0000    0.0124   0.0000     0.0000  0.0000 0.0000     0.0000     0.3613    0.3159     0.0000  
bio_14     0.0000     0.0011    0.0000   0.0000     0.0000  0.0000 0.0000     0.0000     0.0000    0.0004     0.0000  
bio_15     0.0000     0.0000    0.0000   0.0000     0.0000  0.0000 0.0000     0.0000     0.0000    0.0000     0.0000  
bio_16     0.0000     0.0000    0.0000   0.0000     0.0000  0.0000 0.0000     0.0000     0.1335    0.6352     0.0000  
bio_17     0.0000     0.0000    0.0000   0.0000     0.0000  0.0000 0.0000     0.0000     0.0000    0.0000     0.0000  
bio_18     0.0000     0.0000    0.0000   0.0000     0.0000  0.0000 0.0000     0.0000     0.0000    0.0000     0.0000  
           canalditch connector elev_m ai_yr  pet_yr aet_yr crops_2 built_2 pasture_2 popdens_2 navwater_2 lights_2 hfp_2 
bio_1      0.0000     0.3189    0.0000 0.0000 0.0000 0.0000 0.0186  0.0000  0.0000    0.0000    0.0005     0.0000   0.0000
bio_2      0.1033     0.0000    0.0000 0.0000 0.0000 0.0000 0.2837  0.0000  0.0129    0.0000    0.0000     0.0000   0.0000
bio_3      0.0000     0.0000    0.0000 0.0000 0.0000 0.0822 0.3626  0.0000  0.1383    0.0000    0.0000     0.0000   0.0000
bio_4      0.0000     0.0000    0.0000 0.0000 0.0000 0.0000 0.4484  0.0000  0.7844    0.0000    0.0000     0.0000   0.0000
bio_5      0.0000     0.0000    0.0000 0.0000 0.0000 0.4460 0.0548  0.0000  0.0029    0.0000    0.0000     0.0000   0.0000
bio_6      0.0000     0.0000    0.0000 0.0000 0.0000 0.0000 0.2720  0.0000  0.0011    0.0000    0.0000     0.0000   0.0000
bio_7      0.0000     0.0000    0.0000 0.0000 0.0000 0.0000 0.3314  0.0000  0.4159    0.0000    0.0000     0.0000   0.0000
bio_8      0.0000     0.0000    0.0000 0.0000 0.0000 0.0000 0.3644  0.0000  0.0036    0.0000    0.0036     0.0000   0.0000
bio_9      0.0000     0.0002    0.6972 0.0000 0.0000 0.0000 0.0462  0.3954  0.0039    0.1529    0.0000     0.5564   0.7459
bio_10     0.0000     0.0015    0.9296 0.0000 0.0000 0.0000 0.0475  0.8007  0.0061    0.8412    0.0000     0.5301   0.5468
bio_11     0.0000     0.0000    0.0000 0.0000 0.0000 0.0000 0.2113  0.0000  0.0004    0.0000    0.0015     0.0000   0.0000
bio_12     0.0000     0.5910    0.0000 0.0000 0.0000 0.0000 0.0007  0.0000  0.0005    0.0000    0.3137     0.0000   0.0000
bio_13     0.0000     0.1303    0.3265 0.0000 0.0000 0.0000 0.0013  0.0000  0.0042    0.0000    0.3684     0.0000   0.0000
bio_14     0.0000     0.2320    0.0000 0.0000 0.0000 0.0000 0.0290  0.0000  0.0000    0.0000    0.0037     0.0000   0.0000
bio_15     0.0000     0.0000    0.0000 0.0000 0.0000 0.0000 0.3117  0.0000  0.0860    0.0000    0.0005     0.0000   0.0000
bio_16     0.0000     0.1325    0.0000 0.0000 0.0000 0.0000 0.0007  0.0000  0.0012    0.0000    0.3047     0.0000   0.0000
bio_17     0.0000     0.6037    0.0000 0.0000 0.0000 0.0000 0.0150  0.0000  0.0002    0.0000    0.0065     0.0000   0.0000
bio_18     0.0000     0.2451    0.0000 0.0000 0.0000 0.0000 0.0021  0.0000  0.0009    0.0000    0.0089     0.0000   0.0000
           rail_2 roads_2
bio_1      0.7846 0.0000 
bio_2      0.2380 0.4073 
bio_3      0.8204 0.5009 
bio_4      0.7783 0.7817 
bio_5      0.5145 0.4020 
bio_6      0.6318 0.0055 
bio_7      0.4785 0.5509 
bio_8      0.4058 0.0485 
bio_9      0.7833 0.0070 
bio_10     0.9551 0.0294 
bio_11     0.6877 0.0031 
bio_12     0.0329 0.0000 
bio_13     0.0177 0.0000 
bio_14     0.6355 0.0000 
bio_15     0.5449 0.2320 
bio_16     0.0227 0.0000 
bio_17     0.1281 0.0000 
bio_18     0.1352 0.0000 
 [ reached getOption("max.print") -- omitted 36 rows ]
> 





          Built2009 crop2005 Lights2009 NavWat2009 Pastur2009 Popden2009 Railways Roads HFP2009 HFP2009_in amph_rich
Built2009       1.00    -0.04       0.92      -0.03      -0.16       0.81     0.12  0.14    0.90       0.89      0.04
crop2005       -0.04     1.00      -0.03      -0.02      -0.03      -0.02    -0.02 -0.05    0.00       0.00     -0.03
Lights2009      0.92    -0.03       1.00      -0.04      -0.12       0.89     0.15  0.23    0.94       0.94      0.06
NavWat2009     -0.03    -0.02      -0.04       1.00      -0.05      -0.03    -0.01  0.15    0.04       0.04     -0.13
Pastur2009     -0.16    -0.03      -0.12      -0.05       1.00      -0.09     0.13  0.13   -0.04      -0.03      0.00
Popden2009      0.81    -0.02       0.89      -0.03      -0.09       1.00     0.10  0.19    0.88       0.88      0.13
Railways        0.12    -0.02       0.15      -0.01       0.13       0.10     1.00  0.20    0.30       0.30      0.04
Roads           0.14    -0.05       0.23       0.15       0.13       0.19     0.20  1.00    0.46       0.47     -0.05
HFP2009         0.90     0.00       0.94       0.04      -0.04       0.88     0.30  0.46    1.00       1.00      0.05
HFP2009_in      0.89     0.00       0.94       0.04      -0.03       0.88     0.30  0.47    1.00       1.00      0.05
amph_rich       0.04    -0.03       0.06      -0.13       0.00       0.13     0.04 -0.05    0.05       0.05      1.00
lakepond       -0.21    -0.02      -0.26       0.04       0.10      -0.33    -0.04  0.00   -0.24      -0.24      0.05
swampmarsh     -0.33    -0.06      -0.42      -0.07      -0.02      -0.40     0.02 -0.14   -0.39      -0.39      0.37
IceMass         0.28    -0.05       0.33      -0.03       0.02       0.44    -0.03 -0.10    0.28       0.28      0.15
Playa           0.13    -0.01       0.14       0.21       0.06       0.23    -0.01  0.01    0.16       0.16      0.14
streamperr      0.21     0.16       0.23      -0.08       0.08       0.24    -0.03  0.01    0.22       0.21     -0.03
streaminte     -0.16    -0.07      -0.20       0.11      -0.09      -0.20     0.05 -0.12   -0.20      -0.20      0.03
coastline      -0.33     0.04      -0.35      -0.14      -0.07      -0.45     0.02  0.02   -0.34      -0.34     -0.31
artificial     -0.17    -0.01      -0.22      -0.04       0.09      -0.26    -0.02  0.01   -0.20      -0.19      0.09
pipeline       -0.40    -0.04      -0.44       0.05      -0.02      -0.37    -0.07 -0.18   -0.43      -0.43      0.31
canalditch     -0.40    -0.05      -0.49       0.18      -0.03      -0.53    -0.11 -0.12   -0.47      -0.47      0.13
connector      -0.12     0.02      -0.16      -0.08       0.00      -0.12    -0.01  0.03   -0.12      -0.12     -0.06
elev_m         -0.28    -0.01      -0.31      -0.15      -0.16      -0.41    -0.08 -0.14   -0.36      -0.36     -0.14
ai_yr          -0.31    -0.10      -0.32       0.11      -0.09      -0.32     0.04 -0.13   -0.32      -0.32      0.30
pet_yr         -0.08     0.08      -0.08      -0.24       0.11      -0.07     0.00  0.04   -0.06      -0.06     -0.03
aet_yr         -0.33    -0.12      -0.32       0.01      -0.12      -0.29     0.06 -0.05   -0.31      -0.30      0.20
crops_2        -0.03     0.48      -0.01      -0.01       0.10       0.01     0.03 -0.03    0.01       0.01     -0.05
built_2         0.97    -0.04       0.90      -0.03      -0.15       0.81     0.13  0.13    0.88       0.87      0.04
           lakepond swampmarsh IceMass Playa streamperr streaminte coastline artificial pipeline canalditch connector
Built2009     -0.21      -0.33    0.28  0.13       0.21      -0.16     -0.33      -0.17    -0.40      -0.40     -0.12
crop2005      -0.02      -0.06   -0.05 -0.01       0.16      -0.07      0.04      -0.01    -0.04      -0.05      0.02
Lights2009    -0.26      -0.42    0.33  0.14       0.23      -0.20     -0.35      -0.22    -0.44      -0.49     -0.16
NavWat2009     0.04      -0.07   -0.03  0.21      -0.08       0.11     -0.14      -0.04     0.05       0.18     -0.08
Pastur2009     0.10      -0.02    0.02  0.06       0.08      -0.09     -0.07       0.09    -0.02      -0.03      0.00
Popden2009    -0.33      -0.40    0.44  0.23       0.24      -0.20     -0.45      -0.26    -0.37      -0.53     -0.12
Railways      -0.04       0.02   -0.03 -0.01      -0.03       0.05      0.02      -0.02    -0.07      -0.11     -0.01
Roads          0.00      -0.14   -0.10  0.01       0.01      -0.12      0.02       0.01    -0.18      -0.12      0.03
HFP2009       -0.24      -0.39    0.28  0.16       0.22      -0.20     -0.34      -0.20    -0.43      -0.47     -0.12
HFP2009_in    -0.24      -0.39    0.28  0.16       0.21      -0.20     -0.34      -0.19    -0.43      -0.47     -0.12
amph_rich      0.05       0.37    0.15  0.14      -0.03       0.03     -0.31       0.09     0.31       0.13     -0.06
lakepond       1.00       0.30   -0.14 -0.04      -0.12       0.02      0.07       0.78     0.18       0.40      0.23
swampmarsh     0.30       1.00   -0.22 -0.08      -0.25       0.13      0.05       0.27     0.50       0.45      0.12
IceMass       -0.14      -0.22    1.00  0.32       0.19      -0.24     -0.70      -0.10     0.02      -0.15     -0.12
Playa         -0.04      -0.08    0.32  1.00      -0.05       0.05     -0.73      -0.10     0.31       0.21     -0.10
streamperr    -0.12      -0.25    0.19 -0.05       1.00      -0.28     -0.08      -0.10    -0.17      -0.19     -0.05
streaminte     0.02       0.13   -0.24  0.05      -0.28       1.00      0.11      -0.03     0.13       0.07      0.04
coastline      0.07       0.05   -0.70 -0.73      -0.08       0.11      1.00       0.07    -0.24      -0.10      0.17
artificial     0.78       0.27   -0.10 -0.10      -0.10      -0.03      0.07       1.00     0.09       0.24      0.23
pipeline       0.18       0.50    0.02  0.31      -0.17       0.13     -0.24       0.09     1.00       0.62      0.12
canalditch     0.40       0.45   -0.15  0.21      -0.19       0.07     -0.10       0.24     0.62       1.00      0.04
connector      0.23       0.12   -0.12 -0.10      -0.05       0.04      0.17       0.23     0.12       0.04      1.00
elev_m         0.08       0.08   -0.43 -0.52      -0.08       0.23      0.60       0.12    -0.07       0.02      0.08
ai_yr          0.18       0.46   -0.29  0.23      -0.35       0.34     -0.03       0.04     0.43       0.44     -0.03
pet_yr        -0.08      -0.03   -0.06 -0.60       0.21      -0.30      0.42       0.00    -0.13      -0.22      0.06
aet_yr         0.00       0.43   -0.37  0.04      -0.42       0.26      0.18      -0.03     0.33       0.23      0.05
crops_2       -0.01      -0.09    0.01  0.01       0.08      -0.05     -0.04       0.01    -0.03      -0.07     -0.04
built_2       -0.22      -0.31    0.29  0.14       0.22      -0.16     -0.33      -0.18    -0.39      -0.39     -0.11
           elev_m ai_yr pet_yr aet_yr crops_2 built_2 pasture_2 popdens_2 navwater_2 lights_2 hfp_2 rail_2 roads_2
Built2009   -0.28 -0.31  -0.08  -0.33   -0.03    0.97     -0.11      0.81      -0.05     0.91  0.88   0.14    0.14
crop2005    -0.01 -0.10   0.08  -0.12    0.48   -0.04     -0.03     -0.02      -0.02    -0.03 -0.02  -0.02   -0.05
Lights2009  -0.31 -0.32  -0.08  -0.32   -0.01    0.90     -0.10      0.89      -0.06     0.99  0.93   0.16    0.23
NavWat2009  -0.15  0.11  -0.24   0.01   -0.01   -0.03     -0.06     -0.06       0.82    -0.04  0.02  -0.02    0.13
Pastur2009  -0.16 -0.09   0.11  -0.12    0.10   -0.15      0.90     -0.08      -0.06    -0.12 -0.03   0.12    0.12
Popden2009  -0.41 -0.32  -0.07  -0.29    0.01    0.81     -0.07      0.99      -0.07     0.89  0.87   0.10    0.17
Railways    -0.08  0.04   0.00   0.06    0.03    0.13      0.10      0.11      -0.02     0.15  0.30   0.93    0.23
Roads       -0.14 -0.13   0.04  -0.05   -0.03    0.13      0.11      0.18       0.09     0.22  0.43   0.18    0.94
HFP2009     -0.36 -0.32  -0.06  -0.31    0.01    0.88     -0.02      0.88       0.00     0.93  0.98   0.29    0.44
HFP2009_in  -0.36 -0.32  -0.06  -0.30    0.01    0.87     -0.02      0.87       0.00     0.93  0.98   0.30    0.45
amph_rich   -0.14  0.30  -0.03   0.20   -0.05    0.04      0.02      0.13      -0.23     0.06  0.04   0.04   -0.07
lakepond     0.08  0.18  -0.08   0.00   -0.01   -0.22      0.11     -0.33       0.03    -0.26 -0.25  -0.04   -0.01
swampmarsh   0.08  0.46  -0.03   0.43   -0.09   -0.31     -0.01     -0.40      -0.07    -0.43 -0.39   0.02   -0.13
IceMass     -0.43 -0.29  -0.06  -0.37    0.01    0.29      0.02      0.45       0.01     0.33  0.29  -0.02   -0.10
Playa       -0.52  0.23  -0.60   0.04    0.01    0.14      0.06      0.22       0.20     0.14  0.16  -0.01    0.01
streamperr  -0.08 -0.35   0.21  -0.42    0.08    0.22      0.07      0.25      -0.07     0.24  0.22   0.00    0.01
streaminte   0.23  0.34  -0.30   0.26   -0.05   -0.16     -0.09     -0.21       0.06    -0.19 -0.19   0.05   -0.10
coastline    0.60 -0.03   0.42   0.18   -0.04   -0.33     -0.09     -0.45      -0.14    -0.35 -0.34   0.01    0.03
artificial   0.12  0.04   0.00  -0.03    0.01   -0.18      0.10     -0.27      -0.04    -0.21 -0.20  -0.02    0.00
pipeline    -0.07  0.43  -0.13   0.33   -0.03   -0.39     -0.02     -0.37       0.07    -0.45 -0.43  -0.07   -0.17
canalditch   0.02  0.44  -0.22   0.23   -0.07   -0.39     -0.02     -0.54       0.22    -0.49 -0.47  -0.11   -0.12
connector    0.08 -0.03   0.06   0.05   -0.04   -0.11     -0.01     -0.13      -0.12    -0.16 -0.13  -0.03    0.00
elev_m       1.00  0.16   0.03   0.10   -0.03   -0.29     -0.15     -0.41      -0.16    -0.31 -0.36  -0.08   -0.12
ai_yr        0.16  1.00  -0.55   0.71   -0.08   -0.30     -0.09     -0.32       0.09    -0.33 -0.32   0.04   -0.11
pet_yr       0.03 -0.55   1.00  -0.18    0.05   -0.08      0.09     -0.07      -0.23    -0.08 -0.07   0.01    0.03
aet_yr       0.10  0.71  -0.18   1.00   -0.09   -0.33     -0.11     -0.30       0.00    -0.32 -0.31   0.05   -0.04
crops_2     -0.03 -0.08   0.05  -0.09    1.00   -0.03     -0.02      0.01      -0.01     0.00  0.02  -0.01   -0.04
built_2     -0.29 -0.30  -0.08  -0.33   -0.03    1.00     -0.16      0.81      -0.03     0.91  0.90   0.14    0.14
 [ reached getOption("max.print") -- omitted 7 rows ]

n= 1894 


P
           Built2009 crop2005 Lights2009 NavWat2009 Pastur2009 Popden2009 Railways Roads  HFP2009 HFP2009_in amph_rich
Built2009            0.0803   0.0000     0.1436     0.0000     0.0000     0.0000   0.0000 0.0000  0.0000     0.0737   
crop2005   0.0803             0.2271     0.4977     0.2706     0.3105     0.5060   0.0285 0.8962  0.9562     0.1773   
Lights2009 0.0000    0.2271              0.0609     0.0000     0.0000     0.0000   0.0000 0.0000  0.0000     0.0073   
NavWat2009 0.1436    0.4977   0.0609                0.0199     0.1465     0.5747   0.0000 0.1006  0.0987     0.0000   
Pastur2009 0.0000    0.2706   0.0000     0.0199                0.0002     0.0000   0.0000 0.1130  0.1365     0.9086   
Popden2009 0.0000    0.3105   0.0000     0.1465     0.0002                0.0000   0.0000 0.0000  0.0000     0.0000   
Railways   0.0000    0.5060   0.0000     0.5747     0.0000     0.0000              0.0000 0.0000  0.0000     0.1065   
Roads      0.0000    0.0285   0.0000     0.0000     0.0000     0.0000     0.0000          0.0000  0.0000     0.0203   
HFP2009    0.0000    0.8962   0.0000     0.1006     0.1130     0.0000     0.0000   0.0000         0.0000     0.0275   
HFP2009_in 0.0000    0.9562   0.0000     0.0987     0.1365     0.0000     0.0000   0.0000 0.0000             0.0291   
amph_rich  0.0737    0.1773   0.0073     0.0000     0.9086     0.0000     0.1065   0.0203 0.0275  0.0291              
lakepond   0.0000    0.3073   0.0000     0.0794     0.0000     0.0000     0.0991   0.9338 0.0000  0.0000     0.0192   
swampmarsh 0.0000    0.0103   0.0000     0.0018     0.4807     0.0000     0.4550   0.0000 0.0000  0.0000     0.0000   
IceMass    0.0000    0.0327   0.0000     0.2744     0.4690     0.0000     0.1733   0.0000 0.0000  0.0000     0.0000   
Playa      0.0000    0.6066   0.0000     0.0000     0.0093     0.0000     0.5568   0.7008 0.0000  0.0000     0.0000   
streamperr 0.0000    0.0000   0.0000     0.0009     0.0009     0.0000     0.1878   0.6162 0.0000  0.0000     0.2141   
streaminte 0.0000    0.0028   0.0000     0.0000     0.0000     0.0000     0.0268   0.0000 0.0000  0.0000     0.1614   
coastline  0.0000    0.0712   0.0000     0.0000     0.0012     0.0000     0.4846   0.3757 0.0000  0.0000     0.0000   
artificial 0.0000    0.8072   0.0000     0.1161     0.0001     0.0000     0.3317   0.8011 0.0000  0.0000     0.0000   
pipeline   0.0000    0.0919   0.0000     0.0191     0.4799     0.0000     0.0019   0.0000 0.0000  0.0000     0.0000   
canalditch 0.0000    0.0368   0.0000     0.0000     0.2553     0.0000     0.0000   0.0000 0.0000  0.0000     0.0000   
connector  0.0000    0.4171   0.0000     0.0006     0.9947     0.0000     0.5563   0.1810 0.0000  0.0000     0.0048   
elev_m     0.0000    0.6483   0.0000     0.0000     0.0000     0.0000     0.0008   0.0000 0.0000  0.0000     0.0000   
ai_yr      0.0000    0.0000   0.0000     0.0000     0.0000     0.0000     0.0670   0.0000 0.0000  0.0000     0.0000   
pet_yr     0.0006    0.0005   0.0008     0.0000     0.0000     0.0015     0.8500   0.0705 0.0077  0.0080     0.2142   
aet_yr     0.0000    0.0000   0.0000     0.6589     0.0000     0.0000     0.0165   0.0356 0.0000  0.0000     0.0000   
crops_2    0.1302    0.0000   0.6229     0.5573     0.0000     0.6758     0.2178   0.2047 0.7116  0.7079     0.0206   
built_2    0.0000    0.0828   0.0000     0.1587     0.0000     0.0000     0.0000   0.0000 0.0000  0.0000     0.0727   
           lakepond swampmarsh IceMass Playa  streamperr streaminte coastline artificial pipeline canalditch connector
Built2009  0.0000   0.0000     0.0000  0.0000 0.0000     0.0000     0.0000    0.0000     0.0000   0.0000     0.0000   
crop2005   0.3073   0.0103     0.0327  0.6066 0.0000     0.0028     0.0712    0.8072     0.0919   0.0368     0.4171   
Lights2009 0.0000   0.0000     0.0000  0.0000 0.0000     0.0000     0.0000    0.0000     0.0000   0.0000     0.0000   
NavWat2009 0.0794   0.0018     0.2744  0.0000 0.0009     0.0000     0.0000    0.1161     0.0191   0.0000     0.0006   
Pastur2009 0.0000   0.4807     0.4690  0.0093 0.0009     0.0000     0.0012    0.0001     0.4799   0.2553     0.9947   
Popden2009 0.0000   0.0000     0.0000  0.0000 0.0000     0.0000     0.0000    0.0000     0.0000   0.0000     0.0000   
Railways   0.0991   0.4550     0.1733  0.5568 0.1878     0.0268     0.4846    0.3317     0.0019   0.0000     0.5563   
Roads      0.9338   0.0000     0.0000  0.7008 0.6162     0.0000     0.3757    0.8011     0.0000   0.0000     0.1810   
HFP2009    0.0000   0.0000     0.0000  0.0000 0.0000     0.0000     0.0000    0.0000     0.0000   0.0000     0.0000   
HFP2009_in 0.0000   0.0000     0.0000  0.0000 0.0000     0.0000     0.0000    0.0000     0.0000   0.0000     0.0000   
amph_rich  0.0192   0.0000     0.0000  0.0000 0.2141     0.1614     0.0000    0.0000     0.0000   0.0000     0.0048   
lakepond            0.0000     0.0000  0.0713 0.0000     0.3184     0.0037    0.0000     0.0000   0.0000     0.0000   
swampmarsh 0.0000              0.0000  0.0010 0.0000     0.0000     0.0232    0.0000     0.0000   0.0000     0.0000   
IceMass    0.0000   0.0000             0.0000 0.0000     0.0000     0.0000    0.0000     0.3919   0.0000     0.0000   
Playa      0.0713   0.0010     0.0000         0.0333     0.0226     0.0000    0.0000     0.0000   0.0000     0.0000   
streamperr 0.0000   0.0000     0.0000  0.0333            0.0000     0.0005    0.0000     0.0000   0.0000     0.0257   
streaminte 0.3184   0.0000     0.0000  0.0226 0.0000                0.0000    0.2198     0.0000   0.0021     0.0772   
coastline  0.0037   0.0232     0.0000  0.0000 0.0005     0.0000               0.0021     0.0000   0.0000     0.0000   
artificial 0.0000   0.0000     0.0000  0.0000 0.0000     0.2198     0.0021               0.0002   0.0000     0.0000   
pipeline   0.0000   0.0000     0.3919  0.0000 0.0000     0.0000     0.0000    0.0002              0.0000     0.0000   
canalditch 0.0000   0.0000     0.0000  0.0000 0.0000     0.0021     0.0000    0.0000     0.0000              0.0718   
connector  0.0000   0.0000     0.0000  0.0000 0.0257     0.0772     0.0000    0.0000     0.0000   0.0718              
elev_m     0.0005   0.0003     0.0000  0.0000 0.0003     0.0000     0.0000    0.0000     0.0046   0.4036     0.0007   
ai_yr      0.0000   0.0000     0.0000  0.0000 0.0000     0.0000     0.1498    0.0685     0.0000   0.0000     0.1790   
pet_yr     0.0004   0.2663     0.0159  0.0000 0.0000     0.0000     0.0000    0.8636     0.0000   0.0000     0.0093   
aet_yr     0.8911   0.0000     0.0000  0.0638 0.0000     0.0000     0.0000    0.1618     0.0000   0.0000     0.0335   
crops_2    0.8181   0.0001     0.5216  0.8011 0.0005     0.0265     0.0768    0.7947     0.1369   0.0022     0.0569   
built_2    0.0000   0.0000     0.0000  0.0000 0.0000     0.0000     0.0000    0.0000     0.0000   0.0000     0.0000   
           elev_m ai_yr  pet_yr aet_yr crops_2 built_2 pasture_2 popdens_2 navwater_2 lights_2 hfp_2  rail_2 roads_2
Built2009  0.0000 0.0000 0.0006 0.0000 0.1302  0.0000  0.0000    0.0000    0.0453     0.0000   0.0000 0.0000 0.0000 
crop2005   0.6483 0.0000 0.0005 0.0000 0.0000  0.0828  0.2543    0.3245    0.4889     0.2184   0.2862 0.4931 0.0365 
Lights2009 0.0000 0.0000 0.0008 0.0000 0.6229  0.0000  0.0000    0.0000    0.0112     0.0000   0.0000 0.0000 0.0000 
NavWat2009 0.0000 0.0000 0.0000 0.6589 0.5573  0.1587  0.0153    0.0086    0.0000     0.0542   0.3538 0.3201 0.0000 
Pastur2009 0.0000 0.0000 0.0000 0.0000 0.0000  0.0000  0.0000    0.0004    0.0156     0.0000   0.1489 0.0000 0.0000 
Popden2009 0.0000 0.0000 0.0015 0.0000 0.6758  0.0000  0.0012    0.0000    0.0018     0.0000   0.0000 0.0000 0.0000 
Railways   0.0008 0.0670 0.8500 0.0165 0.2178  0.0000  0.0000    0.0000    0.3679     0.0000   0.0000 0.0000 0.0000 
Roads      0.0000 0.0000 0.0705 0.0356 0.2047  0.0000  0.0000    0.0000    0.0000     0.0000   0.0000 0.0000 0.0000 
HFP2009    0.0000 0.0000 0.0077 0.0000 0.7116  0.0000  0.3593    0.0000    0.8788     0.0000   0.0000 0.0000 0.0000 
HFP2009_in 0.0000 0.0000 0.0080 0.0000 0.7079  0.0000  0.3907    0.0000    0.8566     0.0000   0.0000 0.0000 0.0000 
amph_rich  0.0000 0.0000 0.2142 0.0000 0.0206  0.0727  0.4107    0.0000    0.0000     0.0080   0.0753 0.0695 0.0011 
lakepond   0.0005 0.0000 0.0004 0.8911 0.8181  0.0000  0.0000    0.0000    0.1550     0.0000   0.0000 0.0710 0.8024 
swampmarsh 0.0003 0.0000 0.2663 0.0000 0.0001  0.0000  0.5491    0.0000    0.0019     0.0000   0.0000 0.3088 0.0000 
IceMass    0.0000 0.0000 0.0159 0.0000 0.5216  0.0000  0.3806    0.0000    0.5425     0.0000   0.0000 0.3146 0.0000 
Playa      0.0000 0.0000 0.0000 0.0638 0.8011  0.0000  0.0117    0.0000    0.0000     0.0000   0.0000 0.6692 0.8149 
streamperr 0.0003 0.0000 0.0000 0.0000 0.0005  0.0000  0.0031    0.0000    0.0031     0.0000   0.0000 0.9196 0.6995 
streaminte 0.0000 0.0000 0.0000 0.0000 0.0265  0.0000  0.0000    0.0000    0.0117     0.0000   0.0000 0.0452 0.0000 
coastline  0.0000 0.1498 0.0000 0.0000 0.0768  0.0000  0.0002    0.0000    0.0000     0.0000   0.0000 0.7408 0.1377 
artificial 0.0000 0.0685 0.8636 0.1618 0.7947  0.0000  0.0000    0.0000    0.0782     0.0000   0.0000 0.3847 0.9497 
pipeline   0.0046 0.0000 0.0000 0.0000 0.1369  0.0000  0.3429    0.0000    0.0041     0.0000   0.0000 0.0011 0.0000 
canalditch 0.4036 0.0000 0.0000 0.0000 0.0022  0.0000  0.3008    0.0000    0.0000     0.0000   0.0000 0.0000 0.0000 
connector  0.0007 0.1790 0.0093 0.0335 0.0569  0.0000  0.7937    0.0000    0.0000     0.0000   0.0000 0.1636 0.9851 
elev_m            0.0000 0.1437 0.0000 0.2181  0.0000  0.0000    0.0000    0.0000     0.0000   0.0000 0.0006 0.0000 
ai_yr      0.0000        0.0000 0.0000 0.0007  0.0000  0.0001    0.0000    0.0002     0.0000   0.0000 0.1011 0.0000 
pet_yr     0.1437 0.0000        0.0000 0.0240  0.0004  0.0000    0.0021    0.0000     0.0008   0.0032 0.7633 0.2013 
aet_yr     0.0000 0.0000 0.0000        0.0001  0.0000  0.0000    0.0000    0.8895     0.0000   0.0000 0.0206 0.0581 
crops_2    0.2181 0.0007 0.0240 0.0001         0.1333  0.3240    0.5733    0.5493     0.9473   0.3881 0.5531 0.0938 
built_2    0.0000 0.0000 0.0004 0.0000 0.1333          0.0000    0.0000    0.1378     0.0000   0.0000 0.0000 0.0000 
 [ reached getOption("max.print") -- omitted 7 rows ]
> 