> View(museumeverything)
> mue <- read.csv('museumeverything.csv')
> View(mue)
> ctest = mue[c(18:62)]
> View(ctest)
> library("Hmisc", lib.loc="~/R/win-library/3.3")
> facotr.cor = rcorr(as.matrix(ctest) , type= "pearson")
> facotr.cor
           bio_1 bio_2 bio_3 bio_4 bio_5 bio_6 bio_7 bio_8 bio_9 bio_10 bio_11 bio_12 bio_13 bio_14 bio_15 bio_16 bio_17
bio_1       1.00  0.14 -0.01  0.10  0.51  0.62  0.11  0.77  0.74   0.77   0.77  -0.51  -0.43  -0.67   0.49  -0.46  -0.64
bio_2       0.14  1.00 -0.51  0.81  0.85 -0.61  0.92 -0.40  0.64   0.62  -0.40   0.07   0.04   0.08  -0.13   0.07   0.15
bio_3      -0.01 -0.51  1.00 -0.88 -0.68  0.61 -0.79  0.53 -0.60  -0.57   0.56  -0.05   0.07  -0.23   0.57   0.02  -0.34
bio_4       0.10  0.81 -0.88  1.00  0.88 -0.69  0.97 -0.53  0.74   0.71  -0.56   0.07  -0.04   0.21  -0.43   0.02   0.31
bio_5       0.51  0.85 -0.68  0.88  1.00 -0.33  0.91 -0.12  0.94   0.92  -0.13  -0.11  -0.14  -0.14  -0.08  -0.12  -0.03
bio_6       0.62 -0.61  0.61 -0.69 -0.33  1.00 -0.70  0.95 -0.05   0.00   0.96  -0.37  -0.24  -0.63   0.63  -0.30  -0.67
bio_7       0.11  0.92 -0.79  0.97  0.91 -0.70  1.00 -0.51  0.73   0.70  -0.53   0.08   0.00   0.18  -0.34   0.04   0.27
bio_8       0.77 -0.40  0.53 -0.53 -0.12  0.95 -0.51  1.00  0.16   0.21   0.99  -0.45  -0.33  -0.67   0.66  -0.38  -0.71
bio_9       0.74  0.64 -0.60  0.74  0.94 -0.05  0.73  0.16  1.00   0.99   0.14  -0.27  -0.29  -0.31   0.06  -0.27  -0.23
bio_10      0.77  0.62 -0.57  0.71  0.92  0.00  0.70  0.21  0.99   1.00   0.19  -0.31  -0.33  -0.34   0.07  -0.32  -0.25
bio_11      0.77 -0.40  0.56 -0.56 -0.13  0.96 -0.53  0.99  0.14   0.19   1.00  -0.47  -0.34  -0.70   0.69  -0.39  -0.74
bio_12     -0.51  0.07 -0.05  0.07 -0.11 -0.37  0.08 -0.45 -0.27  -0.31  -0.47   1.00   0.97   0.54  -0.24   0.99   0.65
bio_13     -0.43  0.04  0.07 -0.04 -0.14 -0.24  0.00 -0.33 -0.29  -0.33  -0.34   0.97   1.00   0.39  -0.03   0.99   0.49
bio_14     -0.67  0.08 -0.23  0.21 -0.14 -0.63  0.18 -0.67 -0.31  -0.34  -0.70   0.54   0.39   1.00  -0.68   0.46   0.92
bio_15      0.49 -0.13  0.57 -0.43 -0.08  0.63 -0.34  0.66  0.06   0.07   0.69  -0.24  -0.03  -0.68   1.00  -0.12  -0.76
bio_16     -0.46  0.07  0.02  0.02 -0.12 -0.30  0.04 -0.38 -0.27  -0.32  -0.39   0.99   0.99   0.46  -0.12   1.00   0.57
bio_17     -0.64  0.15 -0.34  0.31 -0.03 -0.67  0.27 -0.71 -0.23  -0.25  -0.74   0.65   0.49   0.92  -0.76   0.57   1.00
bio_18     -0.69  0.09 -0.17  0.16 -0.15 -0.59  0.14 -0.63 -0.36  -0.37  -0.66   0.71   0.57   0.86  -0.63   0.65   0.92
bio_19     -0.45  0.07  0.03  0.01 -0.12 -0.28  0.04 -0.37 -0.27  -0.31  -0.38   0.99   0.99   0.43  -0.09   1.00   0.53
Built2009   0.29 -0.32  0.18 -0.30 -0.17  0.44 -0.33  0.40 -0.02   0.01   0.43  -0.38  -0.34  -0.29   0.31  -0.36  -0.32
crop2005    0.07  0.05 -0.05  0.06  0.08  0.01  0.05  0.03  0.08   0.08   0.02  -0.09  -0.10  -0.06  -0.01  -0.10  -0.07
Lights2009  0.32 -0.34  0.20 -0.32 -0.18  0.48 -0.35  0.43 -0.01   0.01   0.46  -0.39  -0.33  -0.34   0.36  -0.36  -0.37
           bio_18 bio_19 Built2009 crop2005 Lights2009 NavWat2009 Pastur2009 Popden2009 Railways Roads HFP2009 HFP2009_in
bio_1       -0.69  -0.45      0.29     0.07       0.32      -0.10       0.11       0.36     0.00  0.11    0.33       0.32
bio_2        0.09   0.07     -0.32     0.05      -0.34      -0.23       0.08      -0.36     0.03 -0.02   -0.32      -0.32
bio_3       -0.17   0.03      0.18    -0.05       0.20       0.11       0.04       0.29    -0.01  0.02    0.21       0.21
bio_4        0.16   0.01     -0.30     0.06      -0.32      -0.20       0.00      -0.41     0.01 -0.01   -0.32      -0.32
bio_5       -0.15  -0.12     -0.17     0.08      -0.18      -0.23       0.08      -0.21     0.02  0.03   -0.17      -0.16
bio_6       -0.59  -0.28      0.44     0.01       0.48       0.11       0.06       0.56    -0.02  0.08    0.48       0.47
bio_7        0.14   0.04     -0.33     0.05      -0.35      -0.22       0.03      -0.41     0.02 -0.01   -0.34      -0.33
bio_8       -0.63  -0.37      0.40     0.03       0.43       0.04       0.06       0.52    -0.02  0.06    0.43       0.43
bio_9       -0.36  -0.27     -0.02     0.08      -0.01      -0.20       0.08      -0.03     0.00  0.07    0.00       0.00
bio_10      -0.37  -0.31      0.01     0.08       0.01      -0.20       0.07      -0.01     0.00  0.06    0.02       0.02
bio_11      -0.66  -0.38      0.43     0.02       0.46       0.04       0.08       0.56    -0.01  0.08    0.47       0.46
bio_12       0.71   0.99     -0.38    -0.09      -0.39       0.04      -0.08      -0.37     0.05 -0.14   -0.39      -0.38
bio_13       0.57   0.99     -0.34    -0.10      -0.33       0.04      -0.07      -0.28     0.06 -0.14   -0.33      -0.33
bio_14       0.86   0.43     -0.29    -0.06      -0.34       0.09      -0.11      -0.40     0.00 -0.12   -0.35      -0.34
bio_15      -0.63  -0.09      0.31    -0.01       0.36      -0.11       0.05       0.47    -0.02  0.04    0.35       0.34
bio_16       0.65   1.00     -0.36    -0.10      -0.36       0.04      -0.08      -0.33     0.05 -0.14   -0.36      -0.36
bio_17       0.92   0.53     -0.32    -0.07      -0.37       0.09      -0.08      -0.46     0.04 -0.11   -0.38      -0.37
bio_18       1.00   0.62     -0.31    -0.09      -0.37       0.09      -0.08      -0.45     0.04 -0.17   -0.39      -0.38
bio_19       0.62   1.00     -0.36    -0.10      -0.36       0.04      -0.07      -0.32     0.06 -0.13   -0.36      -0.35
Built2009   -0.31  -0.36      1.00    -0.04       0.92      -0.03      -0.16       0.81     0.12  0.14    0.90       0.89
crop2005    -0.09  -0.10     -0.04     1.00      -0.03      -0.02      -0.03      -0.02    -0.02 -0.05    0.00       0.00
Lights2009  -0.37  -0.36      0.92    -0.03       1.00      -0.04      -0.12       0.89     0.15  0.23    0.94       0.94
           amph_rich lakepond swampmarsh IceMass Playa streamperr streaminte coastline artificial pipeline canalditch
bio_1          -0.08    -0.15      -0.32    0.31 -0.16       0.31      -0.43     -0.04      -0.12    -0.31      -0.31
bio_2           0.07    -0.01       0.28   -0.30 -0.63       0.01      -0.05      0.53       0.08     0.12      -0.04
bio_3           0.25     0.01       0.07    0.59  0.73      -0.04      -0.06     -0.82       0.00     0.26       0.22
bio_4          -0.18     0.01       0.07   -0.59 -0.80       0.01       0.02      0.86       0.05    -0.14      -0.14
bio_5          -0.08    -0.06       0.02   -0.31 -0.72       0.13      -0.18      0.63       0.00    -0.14      -0.21
bio_6           0.05    -0.11      -0.33    0.62  0.52       0.19      -0.30     -0.66      -0.14    -0.14      -0.11
bio_7          -0.09     0.00       0.16   -0.51 -0.78       0.01       0.00      0.77       0.06    -0.04      -0.11
bio_8           0.07    -0.11      -0.28    0.64  0.34       0.25      -0.37     -0.55      -0.11    -0.16      -0.14
bio_9          -0.16    -0.09      -0.15   -0.21 -0.63       0.21      -0.27      0.55      -0.05    -0.29      -0.30
bio_10         -0.16    -0.09      -0.18   -0.14 -0.64       0.23      -0.29      0.51      -0.04    -0.31      -0.30
bio_11          0.06    -0.13      -0.31    0.66  0.37       0.25      -0.37     -0.59      -0.13    -0.16      -0.16
bio_12          0.33     0.12       0.54   -0.35  0.05      -0.36       0.29      0.11       0.03     0.45       0.41
bio_13          0.37     0.06       0.52   -0.21  0.19      -0.35       0.24     -0.02      -0.02     0.51       0.37
bio_14          0.08     0.16       0.28   -0.45 -0.22      -0.23       0.43      0.30       0.08     0.14       0.28
bio_15          0.16    -0.24      -0.14    0.56  0.48       0.16      -0.31     -0.57      -0.17     0.12      -0.14
bio_16          0.37     0.10       0.55   -0.27  0.12      -0.35       0.26      0.03       0.01     0.49       0.42
bio_17          0.10     0.20       0.32   -0.49 -0.32      -0.27       0.41      0.39       0.10     0.13       0.29
bio_18          0.25     0.25       0.45   -0.38 -0.17      -0.25       0.38      0.21       0.14     0.28       0.44
bio_19          0.37     0.09       0.54   -0.27  0.14      -0.36       0.26      0.03       0.00     0.49       0.40
Built2009       0.04    -0.21      -0.33    0.28  0.13       0.21      -0.16     -0.33      -0.17    -0.40      -0.40
crop2005       -0.03    -0.02      -0.06   -0.05 -0.01       0.16      -0.07      0.04      -0.01    -0.04      -0.05
Lights2009      0.06    -0.26      -0.42    0.33  0.14       0.23      -0.20     -0.35      -0.22    -0.44      -0.49
           connector elev_m ai_yr pet_yr aet_yr
bio_1          -0.02  -0.56 -0.65   0.67  -0.38
bio_2           0.10   0.39 -0.19   0.82   0.12
bio_3          -0.12  -0.59  0.10  -0.45  -0.04
bio_4           0.14   0.58 -0.15   0.70   0.12
bio_5           0.11   0.21 -0.39   0.94  -0.02
bio_6          -0.12  -0.84 -0.30  -0.12  -0.32
bio_7           0.13   0.54 -0.17   0.77   0.13
bio_8          -0.11  -0.78 -0.43   0.13  -0.41
bio_9           0.09   0.01 -0.52   0.91  -0.15
bio_10          0.07   0.00 -0.56   0.92  -0.20
bio_11         -0.11  -0.81 -0.45   0.12  -0.40
bio_12         -0.01   0.16  0.93  -0.27   0.84
bio_13         -0.03   0.02  0.88  -0.27   0.84
bio_14          0.03   0.56  0.62  -0.32   0.38
bio_15         -0.12  -0.55 -0.26   0.15  -0.11
bio_16         -0.03   0.09  0.91  -0.26   0.83
bio_17          0.01   0.55  0.68  -0.25   0.47
bio_18         -0.03   0.52  0.76  -0.33   0.47
bio_19         -0.03   0.07  0.89  -0.25   0.84
Built2009      -0.12  -0.28 -0.31  -0.08  -0.33
crop2005        0.02  -0.01 -0.10   0.08  -0.12
Lights2009     -0.16  -0.31 -0.32  -0.08  -0.32
 [ reached getOption("max.print") -- omitted 23 rows ]

n= 1894 


P
           bio_1  bio_2  bio_3  bio_4  bio_5  bio_6  bio_7  bio_8  bio_9  bio_10 bio_11 bio_12 bio_13 bio_14 bio_15 bio_16
bio_1             0.0000 0.6010 0.0000 0.0000 0.0000 0.0000 0.0000 0.0000 0.0000 0.0000 0.0000 0.0000 0.0000 0.0000 0.0000
bio_2      0.0000        0.0000 0.0000 0.0000 0.0000 0.0000 0.0000 0.0000 0.0000 0.0000 0.0015 0.0972 0.0004 0.0000 0.0035
bio_3      0.6010 0.0000        0.0000 0.0000 0.0000 0.0000 0.0000 0.0000 0.0000 0.0000 0.0250 0.0021 0.0000 0.0000 0.4669
bio_4      0.0000 0.0000 0.0000        0.0000 0.0000 0.0000 0.0000 0.0000 0.0000 0.0000 0.0017 0.1260 0.0000 0.0000 0.4649
bio_5      0.0000 0.0000 0.0000 0.0000        0.0000 0.0000 0.0000 0.0000 0.0000 0.0000 0.0000 0.0000 0.0000 0.0007 0.0000
bio_6      0.0000 0.0000 0.0000 0.0000 0.0000        0.0000 0.0000 0.0443 0.9590 0.0000 0.0000 0.0000 0.0000 0.0000 0.0000
bio_7      0.0000 0.0000 0.0000 0.0000 0.0000 0.0000        0.0000 0.0000 0.0000 0.0000 0.0003 0.9288 0.0000 0.0000 0.0563
bio_8      0.0000 0.0000 0.0000 0.0000 0.0000 0.0000 0.0000        0.0000 0.0000 0.0000 0.0000 0.0000 0.0000 0.0000 0.0000
bio_9      0.0000 0.0000 0.0000 0.0000 0.0000 0.0443 0.0000 0.0000        0.0000 0.0000 0.0000 0.0000 0.0000 0.0163 0.0000
bio_10     0.0000 0.0000 0.0000 0.0000 0.0000 0.9590 0.0000 0.0000 0.0000        0.0000 0.0000 0.0000 0.0000 0.0018 0.0000
bio_11     0.0000 0.0000 0.0000 0.0000 0.0000 0.0000 0.0000 0.0000 0.0000 0.0000        0.0000 0.0000 0.0000 0.0000 0.0000
bio_12     0.0000 0.0015 0.0250 0.0017 0.0000 0.0000 0.0003 0.0000 0.0000 0.0000 0.0000        0.0000 0.0000 0.0000 0.0000
bio_13     0.0000 0.0972 0.0021 0.1260 0.0000 0.0000 0.9288 0.0000 0.0000 0.0000 0.0000 0.0000        0.0000 0.1754 0.0000
bio_14     0.0000 0.0004 0.0000 0.0000 0.0000 0.0000 0.0000 0.0000 0.0000 0.0000 0.0000 0.0000 0.0000        0.0000 0.0000
bio_15     0.0000 0.0000 0.0000 0.0000 0.0007 0.0000 0.0000 0.0000 0.0163 0.0018 0.0000 0.0000 0.1754 0.0000        0.0000
bio_16     0.0000 0.0035 0.4669 0.4649 0.0000 0.0000 0.0563 0.0000 0.0000 0.0000 0.0000 0.0000 0.0000 0.0000 0.0000       
bio_17     0.0000 0.0000 0.0000 0.0000 0.1490 0.0000 0.0000 0.0000 0.0000 0.0000 0.0000 0.0000 0.0000 0.0000 0.0000 0.0000
bio_18     0.0000 0.0001 0.0000 0.0000 0.0000 0.0000 0.0000 0.0000 0.0000 0.0000 0.0000 0.0000 0.0000 0.0000 0.0000 0.0000
bio_19     0.0000 0.0044 0.2474 0.6577 0.0000 0.0000 0.0939 0.0000 0.0000 0.0000 0.0000 0.0000 0.0000 0.0000 0.0000 0.0000
Built2009  0.0000 0.0000 0.0000 0.0000 0.0000 0.0000 0.0000 0.0000 0.4663 0.6877 0.0000 0.0000 0.0000 0.0000 0.0000 0.0000
crop2005   0.0039 0.0481 0.0339 0.0151 0.0009 0.6714 0.0195 0.2122 0.0003 0.0004 0.4513 0.0000 0.0000 0.0064 0.5882 0.0000
Lights2009 0.0000 0.0000 0.0000 0.0000 0.0000 0.0000 0.0000 0.0000 0.5563 0.5406 0.0000 0.0000 0.0000 0.0000 0.0000 0.0000
           bio_17 bio_18 bio_19 Built2009 crop2005 Lights2009 NavWat2009 Pastur2009 Popden2009 Railways Roads  HFP2009
bio_1      0.0000 0.0000 0.0000 0.0000    0.0039   0.0000     0.0000     0.0000     0.0000     0.9396   0.0000 0.0000 
bio_2      0.0000 0.0001 0.0044 0.0000    0.0481   0.0000     0.0000     0.0006     0.0000     0.2401   0.4356 0.0000 
bio_3      0.0000 0.0000 0.2474 0.0000    0.0339   0.0000     0.0000     0.1225     0.0000     0.6853   0.4135 0.0000 
bio_4      0.0000 0.0000 0.6577 0.0000    0.0151   0.0000     0.0000     0.9073     0.0000     0.7186   0.7148 0.0000 
bio_5      0.1490 0.0000 0.0000 0.0000    0.0009   0.0000     0.0000     0.0005     0.0000     0.4987   0.2454 0.0000 
bio_6      0.0000 0.0000 0.0000 0.0000    0.6714   0.0000     0.0000     0.0069     0.0000     0.4993   0.0006 0.0000 
bio_7      0.0000 0.0000 0.0939 0.0000    0.0195   0.0000     0.0000     0.1487     0.0000     0.4152   0.5207 0.0000 
bio_8      0.0000 0.0000 0.0000 0.0000    0.2122   0.0000     0.0778     0.0062     0.0000     0.3039   0.0097 0.0000 
bio_9      0.0000 0.0000 0.0000 0.4663    0.0003   0.5563     0.0000     0.0010     0.1321     0.8362   0.0014 0.9864 
bio_10     0.0000 0.0000 0.0000 0.6877    0.0004   0.5406     0.0000     0.0022     0.7624     0.9586   0.0067 0.3654 
bio_11     0.0000 0.0000 0.0000 0.0000    0.4513   0.0000     0.0551     0.0008     0.0000     0.5409   0.0002 0.0000 
bio_12     0.0000 0.0000 0.0000 0.0000    0.0000   0.0000     0.0510     0.0003     0.0000     0.0230   0.0000 0.0000 
bio_13     0.0000 0.0000 0.0000 0.0000    0.0000   0.0000     0.1175     0.0031     0.0000     0.0154   0.0000 0.0000 
bio_14     0.0000 0.0000 0.0000 0.0000    0.0064   0.0000     0.0002     0.0000     0.0000     0.8710   0.0000 0.0000 
bio_15     0.0000 0.0000 0.0000 0.0000    0.5882   0.0000     0.0000     0.0463     0.0000     0.4444   0.0875 0.0000 
bio_16     0.0000 0.0000 0.0000 0.0000    0.0000   0.0000     0.0646     0.0008     0.0000     0.0180   0.0000 0.0000 
bio_17            0.0000 0.0000 0.0000    0.0028   0.0000     0.0000     0.0002     0.0000     0.0714   0.0000 0.0000 
bio_18     0.0000        0.0000 0.0000    0.0001   0.0000     0.0000     0.0003     0.0000     0.0926   0.0000 0.0000 
bio_19     0.0000 0.0000        0.0000    0.0000   0.0000     0.0855     0.0021     0.0000     0.0137   0.0000 0.0000 
Built2009  0.0000 0.0000 0.0000           0.0803   0.0000     0.1436     0.0000     0.0000     0.0000   0.0000 0.0000 
crop2005   0.0028 0.0001 0.0000 0.0803             0.2271     0.4977     0.2706     0.3105     0.5060   0.0285 0.8962 
Lights2009 0.0000 0.0000 0.0000 0.0000    0.2271              0.0609     0.0000     0.0000     0.0000   0.0000 0.0000 
           HFP2009_in amph_rich lakepond swampmarsh IceMass Playa  streamperr streaminte coastline artificial pipeline
bio_1      0.0000     0.0008    0.0000   0.0000     0.0000  0.0000 0.0000     0.0000     0.0895    0.0000     0.0000  
bio_2      0.0000     0.0014    0.6605   0.0000     0.0000  0.0000 0.6050     0.0171     0.0000    0.0009     0.0000  
bio_3      0.0000     0.0000    0.7692   0.0015     0.0000  0.0000 0.1164     0.0065     0.0000    0.8859     0.0000  
bio_4      0.0000     0.0000    0.6196   0.0027     0.0000  0.0000 0.5882     0.3510     0.0000    0.0242     0.0000  
bio_5      0.0000     0.0002    0.0089   0.3306     0.0000  0.0000 0.0000     0.0000     0.0000    0.9673     0.0000  
bio_6      0.0000     0.0192    0.0000   0.0000     0.0000  0.0000 0.0000     0.0000     0.0000    0.0000     0.0000  
bio_7      0.0000     0.0001    0.8313   0.0000     0.0000  0.0000 0.6653     0.9602     0.0000    0.0084     0.0655  
bio_8      0.0000     0.0012    0.0000   0.0000     0.0000  0.0000 0.0000     0.0000     0.0000    0.0000     0.0000  
bio_9      0.9972     0.0000    0.0000   0.0000     0.0000  0.0000 0.0000     0.0000     0.0000    0.0450     0.0000  
bio_10     0.3593     0.0000    0.0000   0.0000     0.0000  0.0000 0.0000     0.0000     0.0000    0.0596     0.0000  
bio_11     0.0000     0.0090    0.0000   0.0000     0.0000  0.0000 0.0000     0.0000     0.0000    0.0000     0.0000  
bio_12     0.0000     0.0000    0.0000   0.0000     0.0000  0.0224 0.0000     0.0000     0.0000    0.2361     0.0000  
bio_13     0.0000     0.0000    0.0124   0.0000     0.0000  0.0000 0.0000     0.0000     0.3613    0.3159     0.0000  
bio_14     0.0000     0.0011    0.0000   0.0000     0.0000  0.0000 0.0000     0.0000     0.0000    0.0004     0.0000  
bio_15     0.0000     0.0000    0.0000   0.0000     0.0000  0.0000 0.0000     0.0000     0.0000    0.0000     0.0000  
bio_16     0.0000     0.0000    0.0000   0.0000     0.0000  0.0000 0.0000     0.0000     0.1335    0.6352     0.0000  
bio_17     0.0000     0.0000    0.0000   0.0000     0.0000  0.0000 0.0000     0.0000     0.0000    0.0000     0.0000  
bio_18     0.0000     0.0000    0.0000   0.0000     0.0000  0.0000 0.0000     0.0000     0.0000    0.0000     0.0000  
bio_19     0.0000     0.0000    0.0001   0.0000     0.0000  0.0000 0.0000     0.0000     0.1985    0.8621     0.0000  
Built2009  0.0000     0.0737    0.0000   0.0000     0.0000  0.0000 0.0000     0.0000     0.0000    0.0000     0.0000  
crop2005   0.9562     0.1773    0.3073   0.0103     0.0327  0.6066 0.0000     0.0028     0.0712    0.8072     0.0919  
Lights2009 0.0000     0.0073    0.0000   0.0000     0.0000  0.0000 0.0000     0.0000     0.0000    0.0000     0.0000  
           canalditch connector elev_m ai_yr  pet_yr aet_yr
bio_1      0.0000     0.3189    0.0000 0.0000 0.0000 0.0000
bio_2      0.1033     0.0000    0.0000 0.0000 0.0000 0.0000
bio_3      0.0000     0.0000    0.0000 0.0000 0.0000 0.0822
bio_4      0.0000     0.0000    0.0000 0.0000 0.0000 0.0000
bio_5      0.0000     0.0000    0.0000 0.0000 0.0000 0.4460
bio_6      0.0000     0.0000    0.0000 0.0000 0.0000 0.0000
bio_7      0.0000     0.0000    0.0000 0.0000 0.0000 0.0000
bio_8      0.0000     0.0000    0.0000 0.0000 0.0000 0.0000
bio_9      0.0000     0.0002    0.6972 0.0000 0.0000 0.0000
bio_10     0.0000     0.0015    0.9296 0.0000 0.0000 0.0000
bio_11     0.0000     0.0000    0.0000 0.0000 0.0000 0.0000
bio_12     0.0000     0.5910    0.0000 0.0000 0.0000 0.0000
bio_13     0.0000     0.1303    0.3265 0.0000 0.0000 0.0000
bio_14     0.0000     0.2320    0.0000 0.0000 0.0000 0.0000
bio_15     0.0000     0.0000    0.0000 0.0000 0.0000 0.0000
bio_16     0.0000     0.1325    0.0000 0.0000 0.0000 0.0000
bio_17     0.0000     0.6037    0.0000 0.0000 0.0000 0.0000
bio_18     0.0000     0.2451    0.0000 0.0000 0.0000 0.0000
bio_19     0.0000     0.2256    0.0041 0.0000 0.0000 0.0000
Built2009  0.0000     0.0000    0.0000 0.0000 0.0006 0.0000
crop2005   0.0368     0.4171    0.6483 0.0000 0.0005 0.0000
Lights2009 0.0000     0.0000    0.0000 0.0000 0.0008 0.0000
 [ reached getOption("max.print") -- omitted 23 rows ]